index,Total population,Total population Male,Total population Female,Total population Median age (years),Total population 18 and over,Total population 18 and over Male,Total population 18 and over Female
Aberdeen,16429,7924,8505,35.4,11126,5300,5826
Aberdeen Gardens,261,132,129,57.6,223,117,106
Addy,139,68,71,44.4,95,38,57
Ahtanum,3359,1634,1725,38.2,2223,1050,1173
Airway Heights,6449,4539,1910,35.7,5260,3998,1262
Albion,585,294,291,32.1,473,212,261
Alder,64,23,41,30.5,39,18,21
Alderton,3314,1785,1529,38.2,2356,1231,1125
Alderwood Manor,9337,4714,4623,36.2,6481,3258,3223
Alger,141,56,85,58.2,116,56,60
Algona,3107,1549,1558,33.5,1827,891,936
Allyn,2144,1094,1050,49.0,1774,851,923
Almira,263,119,144,44.8,195,90,105
Altoona,66,30,36,65.0,66,30,36
Amanda Park,154,88,66,34.1,101,54,47
Amboy,1878,947,931,30.8,1114,505,609
Ames Lake,1358,747,611,41.8,975,510,465
Anacortes,16048,7725,8323,48.0,12619,6137,6482
Anderson Island,1053,567,486,64.2,1009,549,460
Arlington,18578,8800,9778,34.8,13178,6448,6730
Arlington Heights,2725,1339,1386,41.1,2065,994,1071
Artondale,13376,6775,6601,43.8,9905,5056,4849
Ashford,296,209,87,56.1,296,209,87
Asotin,1360,679,681,40.4,1004,495,509
Auburn,74527,36066,38461,35.3,48583,23328,25255
Bainbridge Island,23343,11087,12256,48.2,17166,8092,9074
Bangor Base,6392,4385,2007,22.5,4583,3389,1194
Banks Lake South,200,88,112,32.0,131,62,69
Barberton,6201,3026,3175,40.3,4404,2061,2343
Baring,164,94,70,51.9,148,78,70
Barney's Junction,179,68,111,61.3,159,68,91
Barstow,69,35,34,58.8,55,26,29
Basin City,1373,551,822,22.0,270,128,142
Battle Ground,18576,9107,9469,33.0,11926,5596,6330
Bay Center,202,99,103,59.5,189,99,90
Bay View,826,377,449,48.9,627,325,302
Beaux Arts Village,333,185,148,43.8,212,107,105
Belfair,3298,1541,1757,35.7,2265,989,1276
Bell Hill,954,515,439,65.5,905,466,439
Bellevue,134630,68253,66377,38.1,81322,40271,41051
Bellingham,82944,40861,42083,31.2,65803,32034,33769
Benton City,3156,1511,1645,37.1,2051,944,1107
Bethel,3906,2077,1829,40.7,2973,1538,1435
Bickleton,61,32,29,47.5,47,24,23
Big Lake,1934,890,1044,49.0,1561,759,802
Bingen,914,448,466,33.0,480,242,238
Birch Bay,8404,4342,4062,46.5,6160,3087,3073
Black Diamond,4291,2131,2160,42.5,3138,1581,1557
Blaine,4905,2532,2373,40.4,3255,1684,1571
Blyn,30,26,4,68.3,29,26,3
Bonney Lake,18516,9235,9281,33.3,12709,6459,6250
Bothell,41207,20054,21153,38.5,28772,14021,14751
Bothell East,9307,4561,4746,34.1,5293,2590,2703
Bothell West,19088,9177,9911,36.3,12650,6216,6434
Boulevard Park,3815,1971,1844,33.6,2230,1184,1046
Boyds,91,61,30,29.2,60,30,30
Brady,604,324,280,51.1,500,278,222
Bremerton,39017,20949,18068,32.1,30985,16949,14036
Brewster,2624,1287,1337,30.7,1035,503,532
Bridgeport,2285,1235,1050,29.0,767,394,373
Brier,6443,3232,3211,45.1,4927,2382,2545
Brinnon,705,376,329,59.6,634,331,303
Browns Point,1260,635,625,45.2,999,489,510
Brush Prairie,2708,1336,1372,46.3,2034,995,1039
Bryant,1815,985,830,43.0,1475,795,680
Bryn Mawr-Skyway,16473,7610,8863,38.0,10945,5112,5833
Buckley,4475,2247,2228,37.3,3277,1635,1642
Bucoda,622,277,345,40.8,483,217,266
Buena,1691,813,878,14.2,326,122,204
Bunk Foss,3522,1748,1774,43.2,2499,1169,1330
Burbank,3114,1550,1564,42.8,2152,1064,1088
Burien,49785,25503,24282,37.3,31786,16105,15681
Burley,1735,956,779,40.2,1300,695,605
Burlington,8509,3852,4657,35.5,5710,2643,3067
Camano,15500,7682,7818,51.3,12528,6199,6329
Camas,20890,10134,10756,38.7,14512,7094,7418
Canterwood,3408,1692,1716,45.7,2634,1389,1245
Canyon Creek,3045,1553,1492,36.4,2165,1054,1111
Carbonado,547,314,233,32.8,418,232,186
Carlsborg,675,297,378,69.4,675,297,378
Carnation,1733,827,906,38.3,1157,543,614
Carson,2361,1156,1205,38.4,1658,797,861
Cascade Valley,2280,1292,988,38.2,1635,911,724
Cashmere,3146,1628,1518,38.1,2179,1024,1155
Castle Rock,2334,1143,1191,37.8,1767,898,869
Cathcart,2553,1239,1314,47.6,1993,999,994
Cathlamet,612,288,324,41.6,453,218,235
Cavalero,4950,2582,2368,34.0,3428,1753,1675
Centerville,167,100,67,44.3,125,71,54
Central Park,2652,1393,1259,48.7,2162,1110,1052
Centralia,16683,8202,8481,36.1,12029,5702,6327
Chain Lake,4660,2363,2297,36.3,3225,1599,1626
Chehalis,7314,3743,3571,33.9,5228,2556,2672
Chelan,3974,1941,2033,44.1,2925,1434,1491
Chelan Falls,186,99,87,53.9,186,99,87
Cheney,11171,5776,5395,23.1,8977,4501,4476
Cherry Grove,647,388,259,33.6,465,298,167
Chewelah,2592,1216,1376,47.0,1900,937,963
Chico,2157,1120,1037,49.5,1675,915,760
Chinook,341,186,155,54.3,279,147,132
Clallam Bay,378,202,176,40.9,290,129,161
Clarkston,7330,3587,3743,35.4,5602,2710,2892
Clarkston Heights-Vineland,6590,3073,3517,47.1,5170,2454,2716
Clayton,346,172,174,43.9,251,129,122
Cle Elum,2544,1409,1135,38.1,1922,1078,844
Clear Lake,1061,546,515,38.3,844,439,405
Clear Lake,1114,542,572,42.5,893,397,496
Clearview,3682,2084,1598,41.6,2719,1440,1279
Cliffdell,138,71,67,59.5,111,44,67
Clinton,766,372,394,61.7,628,283,345
Clover Creek,6792,3238,3554,39.3,4947,2355,2592
Clyde Hill,3150,1551,1599,45.5,2020,967,1053
Cohassett Beach,641,316,325,29.9,452,244,208
Colfax,2842,1554,1288,39.9,2140,1175,965
College Place,8957,4254,4703,32.8,6654,3175,3479
Colton,435,228,207,48.9,345,177,168
Colville,4692,2291,2401,43.2,3502,1612,1890
Conconully,172,87,85,61.8,159,77,82
Concrete,739,368,371,40.2,548,281,267
Connell,5359,3516,1843,31.1,3272,2416,856
Copalis Beach,370,210,160,54.6,370,210,160
Cosmopolis,1547,741,806,45.8,1222,657,565
Cottage Lake,23703,11728,11975,43.4,16588,8302,8286
Coulee City,634,345,289,47.8,503,275,228
Coulee Dam,1290,665,625,40.6,966,493,473
Country Homes,5573,2337,3236,22.7,4574,1962,2612
Coupeville,2141,1038,1103,52.7,1586,675,911
Covington,18689,9346,9343,35.4,12734,6460,6274
Cowiche,1007,615,392,22.0,116,76,40
Creston,273,131,142,49.3,220,105,115
Crocker,1385,768,617,40.9,1061,547,514
Curlew,117,58,59,46.6,90,36,54
Curlew Lake,560,277,283,47.9,444,238,206
Cusick,106,45,61,59.0,97,36,61
Custer,423,175,248,51.6,346,107,239
Dallesport,1365,600,765,52.1,1052,507,545
Danville,32,11,21,48.0,30,11,19
Darrington,1497,837,660,38.3,1091,620,471
Dash Point,830,385,445,54.3,703,336,367
Davenport,1610,806,804,39.8,1233,634,599
Dayton,2852,1463,1389,42.9,2133,1072,1061
Deep River,182,86,96,60.7,164,80,84
Deer Park,3784,1601,2183,34.4,2753,1125,1628
Deming,420,187,233,37.1,302,132,170
Des Moines,30715,15377,15338,38.2,20285,9731,10554
Desert Aire,2131,945,1186,18.9,673,349,324
Disautel,27,13,14,54.6,27,13,14
Dixie,268,128,140,46.3,209,101,108
Dollars Corner,1101,508,593,52.9,925,463,462
DuPont,9054,4603,4451,31.6,5824,2900,2924
Duluth,1550,828,722,46.3,1146,596,550
Duvall,7373,3382,3991,34.5,4763,2079,2684
East Cathlamet,490,226,264,54.7,473,226,247
East Port Orchard,5109,2618,2491,32.2,3772,1958,1814
East Renton Highlands,11092,5793,5299,43.2,8030,4090,3940
East Wenatchee,13473,6656,6817,35.2,8891,4269,4622
Eastmont,21274,10643,10631,38.5,15121,7667,7454
Easton,374,156,218,52.1,293,141,152
Eatonville,2830,1371,1459,37.3,1964,1026,938
Edgewood,9600,4799,4801,45.2,7543,3778,3765
Edison,162,117,45,38.0,102,57,45
Edmonds,40689,19887,20802,47.7,31599,15235,16364
Electric City,1094,509,585,49.3,848,423,425
Elk Plain,14252,7051,7201,34.6,10489,5142,5347
Ellensburg,18637,8891,9746,23.9,15045,7124,7921
Elma,3035,1743,1292,31.5,2020,1034,986
Elmer City,307,141,166,45.1,237,108,129
Endicott,239,132,107,48.4,190,100,90
Enetai,1919,969,950,51.6,1571,794,777
Entiat,1190,615,575,45.8,911,423,488
Enumclaw,11494,5550,5944,37.3,7920,3737,4183
Ephrata,7948,3923,4025,36.4,5204,2426,2778
Erlands Point-Kitsap Lake,3065,1596,1469,34.2,2229,1158,1071
Eschbach,260,118,142,38.4,174,86,88
Esperance,3811,1810,2001,43.4,2775,1242,1533
Everett,105685,53963,51722,35.2,72703,36476,36227
Everson,2553,1238,1315,33.4,1511,749,762
Fairchild AFB,2947,1628,1319,22.7,1931,1193,738
Fairfield,464,248,216,45.4,368,184,184
Fairwood,20032,10103,9929,39.1,14483,7513,6970
Fairwood,8262,3953,4309,36.7,5743,2656,3087
Fall City,1729,861,868,44.0,1437,694,743
Farmington,104,60,44,43.0,72,42,30
Federal Way,92859,46041,46818,35.8,60751,29635,31116
Felida,7744,3781,3963,43.4,5621,2680,2941
Fern Prairie,2108,1068,1040,41.5,1626,796,830
Ferndale,12355,5638,6717,35.5,8681,3955,4726
Fife,9477,4706,4771,31.1,5950,2969,2981
Fife Heights,2009,1030,979,37.9,1404,726,678
Finley,5958,3006,2952,36.3,3999,1972,2027
Fircrest,6612,3120,3492,39.6,4866,2274,2592
Five Corners,19662,10373,9289,32.2,12952,6627,6325
Fobes Hill,2824,1584,1240,45.2,2230,1230,1000
Fords Prairie,1815,886,929,47.6,1293,629,664
Forks,3693,2038,1655,33.0,2561,1256,1305
Fort Lewis,13163,7494,5669,22.0,7825,4613,3212
Four Lakes,221,83,138,52.3,221,83,138
Fox Island,3731,1721,2010,47.6,2864,1332,1532
Frederickson,19949,10228,9721,33.0,13335,6643,6692
Freeland,1803,894,909,55.1,1491,708,783
Friday Harbor,2162,909,1253,43.5,1597,680,917
Garfield,496,228,268,55.0,414,183,231
Garrett,1508,738,770,46.8,1129,534,595
Geneva,2544,1242,1302,40.4,1884,877,1007
George,648,313,335,26.1,180,96,84
Gig Harbor,7918,3763,4155,47.7,6306,2806,3500
Glacier,73,46,27,62.3,59,32,27
Gleed,2948,1271,1677,45.4,2121,993,1128
Glenwood,186,83,103,41.2,138,59,79
Gold Bar,2193,1110,1083,36.0,1530,794,736
Goldendale,3437,1800,1637,33.4,2660,1355,1305
Gorst,484,302,182,53.7,459,277,182
Graham,24976,12702,12274,34.4,17527,8847,8680
Grand Coulee,897,415,482,47.9,732,317,415
Grand Mound,3329,1721,1608,28.8,1923,958,965
Grandview,11083,5714,5369,27.1,5378,2753,2625
Granger,3404,1629,1775,21.6,1283,586,697
Granite Falls,3451,1800,1651,35.2,2526,1267,1259
Grapeview,1156,629,527,50.9,1001,514,487
Grayland,489,219,270,65.4,489,219,270
Grays River,474,186,288,47.5,360,149,211
Green Bluff,992,418,574,47.5,671,283,388
Greenwater,109,44,65,49.3,109,44,65
Hamilton,230,129,101,44.6,205,125,80
Hansville,3617,1587,2030,53.0,2797,1341,1456
Harrah,680,325,355,28.5,369,178,191
Harrington,327,198,129,45.4,271,160,111
Hartline,119,75,44,46.4,94,57,37
Hatton,74,38,36,47.3,48,22,26
Hazel Dell,20155,9953,10202,36.7,14498,6880,7618
Herron Island,81,41,40,73.1,81,41,40
High Bridge,3152,1535,1617,47.3,2304,1182,1122
Hobart,6362,3256,3106,46.8,4833,2389,2444
Hockinson,4985,2424,2561,41.5,3485,1774,1711
Hogans Corner,161,93,68,50.1,123,93,30
Home,1702,722,980,34.1,1180,513,667
Hoodsport,880,433,447,52.0,694,319,375
Hoquiam,8479,4020,4459,37.4,6111,2869,3242
Humptulips,251,141,110,50.4,177,105,72
Hunts Point,508,256,252,48.6,375,190,185
Ilwaco,1021,470,551,42.5,765,384,381
Inchelium,494,230,264,31.0,351,148,203
Index,178,85,93,44.3,142,67,75
Indianola,3486,1688,1798,44.1,2681,1328,1353
Ione,342,167,175,48.9,283,141,142
Issaquah,33682,15756,17926,37.4,22024,9877,12147
Jamestown,427,182,245,44.3,238,101,137
Kahlotus,224,102,122,34.4,153,82,71
Kalama,2498,1219,1279,38.4,1932,965,967
Kapowsin,285,121,164,51.2,226,90,136
Kayak Point,2068,943,1125,45.2,1541,797,744
Keller,228,104,124,34.5,154,64,90
Kelso,11837,5526,6311,32.8,8327,3895,4432
Kendall,126,58,68,39.2,100,45,55
Kenmore,21575,10511,11064,39.1,14886,7197,7689
Kennewick,76918,38205,38713,32.7,49981,24718,25263
Kent,124292,62089,62203,33.6,76432,37648,38784
Kettle Falls,1437,717,720,48.1,1113,536,577
Key Center,3811,1977,1834,44.0,2900,1517,1383
Keyport,488,209,279,35.5,398,199,199
Kingston,1963,937,1026,44.7,1500,718,782
Kirkland,84721,41336,43385,38.1,59180,28864,30316
Kittitas,1387,753,634,39.9,1014,520,494
Klahanie,11586,5613,5973,36.5,7080,3355,3725
Klickitat,448,241,207,47.5,370,212,158
Krupp,45,23,22,53.6,34,14,20
La Center,3066,1508,1558,33.9,2115,1089,1026
La Conner,748,307,441,60.9,643,259,384
La Grande,102,46,56,41.4,102,46,56
LaCrosse,265,136,129,56.3,245,123,122
Lacey,44825,21478,23347,34.9,32083,14966,17117
Lake Bosworth,554,306,248,47.7,428,228,200
Lake Cassidy,3666,1985,1681,43.2,2614,1398,1216
Lake Cavanaugh,125,81,44,68.6,117,73,44
Lake Forest Park,13059,6400,6659,46.1,10359,5119,5240
Lake Goodwin,3577,1846,1731,47.3,2879,1452,1427
Lake Holm,3416,1779,1637,48.2,2757,1446,1311
Lake Ketchum,948,485,463,52.6,767,398,369
Lake Marcel-Stillwater,1269,717,552,41.0,821,435,386
Lake McMurray,132,62,70,56.5,123,62,61
Lake Morton-Berrydale,9921,4873,5048,44.1,7605,3807,3798
Lake Roesiger,772,280,492,48.1,584,211,373
Lake Shore,6957,3292,3665,45.0,5171,2373,2798
Lake Stevens,29774,15132,14642,33.3,20384,9979,10405
Lake Stickney,8930,4496,4434,32.4,5334,2768,2566
Lake Tapps,12710,6295,6415,39.5,9425,4733,4692
Lakeland North,12380,6235,6145,39.2,8844,4565,4279
Lakeland South,13460,6598,6862,39.2,9501,4531,4970
Lakeview,892,474,418,54.3,614,327,287
Lakewood,59122,29255,29867,36.1,41850,20868,20982
Lamont,84,39,45,45.2,59,28,31
Langley,1287,543,744,57.5,991,405,586
Larch Way,3834,1850,1984,40.3,2434,1341,1093
Latah,160,76,84,31.5,98,46,52
Leavenworth,2227,1073,1154,46.4,1798,869,929
Lebam,133,77,56,37.3,122,66,56
Lewisville,1732,888,844,47.4,1212,655,557
Liberty Lake,8269,4185,4084,35.4,5595,2556,3039
Lind,488,216,272,37.2,296,147,149
Lochsloy,2593,1311,1282,46.3,1969,928,1041
Lofall,2081,1090,991,44.6,1663,914,749
Long Beach,1434,699,735,52.3,1150,500,650
Longbranch,3023,1535,1488,43.9,2260,1133,1127
Longview,36619,17653,18966,42.1,27689,13134,14555
Longview Heights,3403,1729,1674,45.6,2673,1424,1249
Loomis,85,54,31,67.1,85,54,31
Loon Lake,766,404,362,54.4,583,282,301
Lower Elochoman,130,69,61,68.6,130,69,61
Lyle,578,246,332,46.7,347,172,175
Lyman,591,292,299,37.2,442,229,213
Lynden,12886,5980,6906,38.1,8988,3988,5000
Lynnwood,36491,18236,18255,38.1,24046,11941,12105
Mabton,2329,1203,1126,25.5,957,509,448
Machias,1168,556,612,39.4,848,417,431
Malden,168,86,82,54.3,135,70,65
Malone,551,141,410,34.9,343,117,226
Malott,649,399,250,27.6,354,229,125
Maltby,11220,5945,5275,43.2,8459,4587,3872
Manchester,5094,2861,2233,41.5,3737,2035,1702
Mansfield,291,148,143,54.6,252,124,128
Manson,1284,602,682,52.5,932,417,515
Maple Heights-Lake Desire,3416,1860,1556,45.9,2592,1380,1212
Maple Valley,24682,12101,12581,36.1,16437,7969,8468
Maplewood,4961,2241,2720,47.1,3746,1771,1975
Marblemount,63,19,44,43.7,55,19,36
Marcus,163,88,75,54.2,133,74,59
Marietta-Alderwood,4704,2188,2516,35.3,3581,1588,1993
Markham,126,73,53,65.0,115,66,49
Marrowstone,1242,618,624,51.9,949,483,466
Martha Lake,17163,8161,9002,34.4,11971,5942,6029
Marysville,63760,31893,31867,34.7,44344,22183,22161
Mattawa,4516,2510,2006,21.6,297,138,159
May Creek,661,303,358,41.2,516,236,280
McChord AFB,3288,1798,1490,21.5,1872,1084,788
McCleary,1965,971,994,33.3,1369,683,686
McKenna,970,481,489,33.3,596,287,309
McMillin,1399,651,748,53.0,1192,581,611
Mead,7363,3709,3654,46.0,5598,2753,2845
Meadow Glade,2649,1242,1407,42.4,1882,910,972
Meadowdale,2806,1335,1471,44.6,2084,1008,1076
Medical Lake,4924,2277,2647,31.2,3747,1707,2040
Medina,3120,1530,1590,45.4,1989,923,1066
Mercer Island,24120,11742,12378,45.3,16890,8037,8853
Mesa,352,198,154,26.5,134,65,69
Metaline,206,101,105,48.5,163,83,80
Metaline Falls,136,71,65,62.7,124,62,62
Methow,49,35,14,53.9,49,35,14
Midland,8349,3969,4380,34.6,5252,2409,2843
Mill Creek,19028,9349,9679,41.3,13366,6404,6962
Mill Creek East,17967,8780,9187,35.4,11467,5631,5836
Millwood,1686,861,825,40.0,1319,669,650
Milton,7219,3446,3773,35.9,5512,2700,2812
Mineral,188,120,68,60.3,188,120,68
Minnehaha,9548,4797,4751,38.5,6913,3416,3497
Mirrormont,3763,1953,1810,47.4,2928,1466,1462
Monroe,17734,10313,7421,34.2,11478,6925,4553
Monroe North,1584,807,777,35.7,1030,518,512
Montesano,3894,1995,1899,39.2,2880,1447,1433
Morton,1296,595,701,40.5,879,422,457
Moses Lake,21579,10459,11120,31.5,13008,6089,6919
Moses Lake North,4057,2053,2004,24.4,2513,1310,1203
Mossyrock,789,444,345,37.8,493,278,215
Mount Vernon,32957,16442,16515,33.6,19814,9374,10440
Mount Vista,7995,3912,4083,44.0,6129,2967,3162
Mountlake Terrace,20521,9926,10595,37.5,14846,6886,7960
Moxee,3702,1788,1914,27.5,2086,1078,1008
Mukilteo,20818,11005,9813,42.7,14776,7547,7229
Naches,881,417,464,35.4,628,293,335
Napavine,1748,807,941,39.5,1315,578,737
Naselle,342,167,175,50.6,286,137,149
Navy Yard City,2622,1465,1157,34.5,1986,1125,861
Neah Bay,945,507,438,32.5,653,357,296
Neilton,361,197,164,42.7,253,146,107
Nespelem,173,76,97,30.9,128,55,73
Nespelem Community,230,118,112,42.5,176,104,72
Newcastle,10994,5579,5415,38.8,7684,3849,3835
Newport,2263,1154,1109,37.7,1644,792,852
Nile,89,47,42,78.9,89,47,42
Nisqually Indian Community,644,339,305,32.6,450,236,214
Nooksack,1807,879,928,28.4,1034,525,509
Normandy Park,6568,3148,3420,46.6,4924,2408,2516
North Bend,6305,3134,3171,37.4,4171,1934,2237
North Bonneville,1317,639,678,39.9,1053,499,554
North Fort Lewis,3682,2315,1367,23.1,2720,1782,938
North Lynnwood,18829,9073,9756,32.5,12548,6289,6259
North Marysville,137,96,41,59.1,125,84,41
North Omak,773,336,437,32.8,493,218,275
North Puyallup,1758,966,792,55.0,1486,791,695
North Sultan,201,95,106,45.0,156,83,73
North Yelm,2700,1393,1307,35.1,1900,788,1112
Northport,334,172,162,46.5,267,132,135
Northwest Stanwood,82,40,42,36.7,62,40,22
Oak Harbor,22331,11047,11284,30.3,15571,7738,7833
Oakesdale,543,283,260,46.9,422,206,216
Oakville,725,333,392,36.5,525,237,288
Ocean City,156,99,57,31.8,122,82,40
Ocean Park,1315,661,654,60.3,1176,547,629
Ocean Shores,5637,2818,2819,58.7,4904,2341,2563
Odessa,744,370,374,56.2,642,320,322
Okanogan,2594,1310,1284,42.3,1915,953,962
Olympia,48941,23780,25161,37.3,37318,17782,19536
Omak,4812,2399,2413,35.4,3238,1604,1634
Onalaska,977,482,495,29.7,635,351,284
Orchards,21299,10651,10648,30.3,13495,6761,6734
Orient,73,47,26,57.8,70,45,25
Oroville,1863,934,929,43.1,1338,676,662
Orting,7078,3518,3560,31.9,4815,2332,2483
Oso,231,126,105,44.7,173,97,76
Othello,7624,3781,3843,26.9,3169,1419,1750
Otis Orchards-East Farms,6792,3122,3670,43.5,5061,2527,2534
Outlook,305,141,164,23.6,164,66,98
Pacific,6954,3552,3402,33.6,4499,2209,2290
Pacific Beach,216,115,101,56.7,202,115,87
Packwood,212,128,84,66.7,212,128,84
Palouse,1071,493,578,40.1,768,341,427
Parker,125,88,37,38.3,81,44,37
Parkland,36318,17898,18420,31.6,25257,12474,12783
Parkwood,7294,3754,3540,36.1,5552,2750,2802
Pasco,67391,34406,32985,28.5,33118,16727,16391
Pateros,678,338,340,30.6,345,144,201
Pe Ell,553,283,270,38.1,434,209,225
Peaceful Valley,3654,1816,1838,37.0,2301,1156,1145
Picnic Point,9094,4466,4628,42.4,6604,3326,3278
Pine Grove,136,71,65,63.1,113,61,52
Point Roberts,1270,614,656,52.6,913,443,470
Pomeroy,1279,574,705,55.4,1004,471,533
Port Angeles,19200,9532,9668,41.9,15016,7459,7557
Port Angeles East,3406,1752,1654,47.1,2738,1308,1430
Port Gamble Tribal Community,898,427,471,40.7,674,340,334
Port Hadlock-Irondale,3552,1964,1588,48.0,3015,1598,1417
Port Ludlow,2382,1251,1131,66.1,2180,1126,1054
Port Orchard,13004,6196,6808,33.3,9580,4633,4947
Port Townsend,9208,3977,5231,56.0,7587,3155,4432
Porter,233,128,105,45.1,190,98,92
Poulsbo,9588,4192,5396,38.1,6617,2900,3717
Prairie Heights,4306,2117,2189,39.4,2996,1523,1473
Prairie Ridge,12495,6214,6281,35.4,9076,4587,4489
Prescott,377,207,170,38.5,226,104,122
Prosser,5819,2797,3022,32.3,3506,1574,1932
Puget Island,798,358,440,41.9,633,275,358
Pullman,31502,15973,15529,22.0,25088,12718,12370
Purdy,1074,543,531,44.4,849,419,430
Puyallup,38720,19478,19242,37.7,29181,14724,14457
Queets,175,80,95,26.5,110,43,67
Qui-nai-elt Village,69,43,26,35.1,35,14,21
Quilcene,437,254,183,48.8,372,218,154
Quincy,7163,3285,3878,27.3,2810,1374,1436
Raft Island,305,146,159,63.3,289,138,151
Rainier,2219,1106,1113,36.1,1597,813,784
Ravensdale,1162,641,521,32.7,886,446,440
Raymond,2800,1298,1502,42.3,2023,889,1134
Reardan,675,305,370,42.9,478,212,266
Redmond,57959,29829,28130,34.3,30603,15173,15430
Renton,97234,48792,48442,35.9,64207,31591,32616
Republic,1154,546,608,46.0,912,402,510
Richland,52291,26284,26007,37.4,37566,18651,18915
Ridgefield,5693,2772,2921,36.5,3620,1696,1924
Ritzville,1603,741,862,48.0,1237,583,654
River Road,383,244,139,57.9,346,207,139
Riverbend,2121,1176,945,40.5,1529,866,663
Riverside,402,201,201,35.2,288,142,146
Rochester,2249,1108,1141,41.8,1779,876,903
Rock Island,856,449,407,35.1,458,219,239
Rockford,367,190,177,42.9,281,148,133
Rockport,78,48,30,60.6,78,48,30
Rocky Point,1592,717,875,45.4,1245,593,652
Ronald,200,122,78,66.4,200,122,78
Roosevelt,148,82,66,30.4,53,24,29
Rosalia,635,319,316,43.8,475,238,237
Rosburg,429,227,202,48.4,325,195,130
Rosedale,4620,1637,2983,40.1,3454,1175,2279
Roslyn,911,458,453,39.4,638,314,324
Roy,634,289,345,39.9,512,224,288
Royal City,1695,907,788,24.3,321,151,170
Ruston,915,456,459,41.4,750,386,364
Ryderwood,281,134,147,69.8,281,134,147
Salmon Creek,21301,10508,10793,41.0,15532,7665,7867
Sammamish,50163,24909,25254,38.1,28058,14116,13942
Santiago,19,10,9,57.3,15,8,7
Satsop,621,291,330,50.0,532,258,274
SeaTac,27859,14671,13188,35.1,16627,8756,7871
Seabeck,1306,633,673,54.7,1112,576,536
Seattle,653017,327600,325417,35.8,498630,246838,251792
Sedro-Woolley,10673,5319,5354,34.2,7760,3670,4090
Sekiu,53,18,35,40.2,35,18,17
Selah,7531,3531,4000,37.1,5121,2259,2862
Sequim,6695,2931,3764,57.3,5267,2302,2965
Shadow Lake,2714,1353,1361,45.7,2153,1143,1010
Shelton,9810,5198,4612,34.7,6370,3247,3123
Shoreline,54774,26704,28070,41.9,41296,20242,21054
Silver Firs,22153,11036,11117,36.3,14693,7302,7391
Silverdale,20053,9881,10172,35.3,15372,7443,7929
Sisco Heights,2829,1492,1337,44.8,2173,1143,1030
Skamokawa Valley,377,226,151,55.3,358,207,151
Skokomish,691,384,307,27.7,472,279,193
Skykomish,130,74,56,55.2,122,72,50
Snohomish,9437,4438,4999,38.9,7129,3235,3894
Snoqualmie,12115,6266,5849,34.6,7409,3727,3682
Snoqualmie Pass,249,151,98,47.5,237,143,94
Soap Lake,1766,895,871,46.3,1240,661,579
South Bend,1703,917,786,43.8,1177,623,554
South Cle Elum,552,284,268,36.3,423,227,196
South Creek,2140,1100,1040,52.3,1996,997,999
South Hill,55592,27206,28386,33.6,37672,18567,19105
South Prairie,292,148,144,40.8,234,119,115
South Wenatchee,1728,1161,567,26.6,1145,766,379
Southworth,2393,1323,1070,43.7,1936,1066,870
Spanaway,29214,14306,14908,33.7,20091,9592,10499
Spangle,186,85,101,53.3,150,68,82
Spokane,210695,102451,108244,35.6,158152,76496,81656
Spokane Valley,92286,46892,45394,38.2,68808,34059,34749
Sprague,589,269,320,48.1,436,191,245
Springdale,304,173,131,28.8,182,91,91
St. John,597,228,369,50.9,470,174,296
Stansberry Lake,2312,1287,1025,37.4,1666,983,683
Stanwood,6560,2938,3622,33.6,4356,1960,2396
Starbuck,90,42,48,60.5,90,42,48
Startup,696,389,307,42.5,567,304,263
Steilacoom,6118,3036,3082,41.2,4642,2323,2319
Steptoe,184,97,87,55.1,155,76,79
Stevenson,1402,661,741,45.6,1112,508,604
Sudden Valley,6815,3596,3219,39.2,5147,2853,2294
Sultan,4744,2545,2199,34.9,3450,1779,1671
Sumas,1563,812,751,28.9,857,400,457
Summit,7467,3745,3722,46.8,5896,2970,2926
Summit View,7014,3514,3500,30.0,5247,2541,2706
Summitview,1501,711,790,28.1,851,342,509
Sumner,9584,4462,5122,34.7,6768,3343,3425
Sunday Lake,838,416,422,34.6,595,294,301
Sunnyside,16204,8302,7902,25.2,6241,2981,3260
Sunnyslope,3452,1798,1654,46.4,2649,1366,1283
Suquamish,4220,2064,2156,45.2,3304,1610,1694
Swede Heaven,829,379,450,44.8,631,298,333
Tacoma,203481,100662,102819,36.0,147008,71498,75510
Taholah,844,496,348,29.2,589,323,266
Tampico,427,211,216,48.1,323,162,161
Tanglewilde,6110,3344,2766,35.9,4525,2346,2179
Tanner,1048,626,422,43.2,724,406,318
Tekoa,824,441,383,46.7,616,330,286
Tenino,1915,805,1110,35.3,1384,565,819
Terrace Heights,6952,3409,3543,43.5,5302,2514,2788
Thorp,351,177,174,36.6,296,146,150
Three Lakes,2902,1590,1312,49.7,2432,1266,1166
Tieton,1391,661,730,32.5,597,236,361
Tokeland,240,122,118,54.2,194,100,94
Toledo,605,302,303,41.4,482,215,267
Tonasket,1053,439,614,46.8,788,313,475
Toppenish,9006,4686,4320,24.8,3388,1557,1831
Torboy,126,72,54,38.8,70,50,20
Touchet,436,199,237,38.3,254,118,136
Town and Country,5481,2449,3032,36.2,3909,1751,2158
Tracyton,6205,3055,3150,36.5,4645,2327,2318
Trout Lake,640,312,328,42.3,464,215,249
Tukwila,19757,10007,9750,33.5,11554,5856,5698
Tumwater,18478,8552,9926,37.1,14222,6315,7907
Twin Lakes,103,65,38,58.8,86,61,25
Twisp,976,472,504,46.8,761,353,408
Union,345,158,187,71.4,345,158,187
Union Gap,6042,2893,3149,32.0,3280,1465,1815
Union Hill-Novelty Hill,21510,10607,10903,41.9,13966,6745,7221
Uniontown,418,230,188,34.4,302,158,144
University Place,31991,15455,16536,36.5,22659,10786,11873
Upper Elochoman,51,43,8,62.1,40,32,8
Vader,674,337,337,34.8,486,230,256
Valley,163,71,92,38.5,131,69,62
Vancouver,168050,81789,86261,36.4,117436,56472,60964
Vantage,27,9,18,54.8,27,9,18
Vashon,10189,4856,5333,51.4,8403,3810,4593
Vaughn,527,285,242,59.2,477,250,227
Venersborg,3823,1944,1879,43.1,2790,1375,1415
Verlot,115,42,73,44.1,87,42,45
Waitsburg,1128,515,613,42.8,868,395,473
Walla Walla,31957,16664,15293,35.2,22683,11891,10792
Walla Walla East,1767,839,928,42.3,1227,613,614
Waller,7998,4060,3938,46.1,6493,3260,3233
Wallula,302,178,124,12.6,108,46,62
Walnut Grove,9732,4917,4815,38.9,7018,3593,3425
Wapato,5075,2611,2464,26.2,2079,994,1085
Warden,2735,1329,1406,25.9,1156,530,626
Warm Beach,2397,1300,1097,51.4,1911,1069,842
Washougal,14777,7525,7252,36.8,10470,5235,5235
Washtucna,279,133,146,41.8,216,82,134
Waterville,1869,964,905,35.0,1196,611,585
Wauna,4451,2407,2044,43.6,3452,1786,1666
Waverly,80,40,40,39.8,59,32,27
Wenatchee,32950,15736,17214,34.0,21223,9898,11325
West Clarkston-Highland,5470,2516,2954,48.6,4439,2026,2413
West Pasco,2223,1186,1037,47.8,1745,889,856
West Richland,13048,6344,6704,36.7,8996,4236,4760
West Side Highway,5812,2761,3051,34.2,4077,2041,2036
Westport,1965,1080,885,46.6,1477,811,666
Whidbey Island Station,1938,1380,558,22.7,1852,1344,508
White Center,14728,7495,7233,36.4,9072,4360,4712
White Salmon,2212,1000,1212,37.1,1660,760,900
White Swan,652,304,348,22.3,340,161,179
Wilbur,682,320,362,56.5,546,243,303
Wilderness Rim,1476,718,758,47.8,1235,573,662
Wilkeson,406,228,178,40.0,320,170,150
Willapa,233,120,113,51.2,195,101,94
Wilson Creek,185,82,103,52.4,139,71,68
Winlock,1513,722,791,30.8,996,430,566
Winthrop,364,188,176,44.8,278,151,127
Wishram,364,201,163,43.3,280,146,134
Wollochet,5930,2933,2997,48.0,4618,2176,2442
Woodinville,11373,5471,5902,40.8,8084,3770,4314
Woodland,5589,2616,2973,29.4,3335,1585,1750
Woods Creek,5652,2789,2863,41.3,4163,2147,2016
Woodway,1337,686,651,45.9,957,442,515
Yacolt,1819,913,906,26.6,1206,622,584
Yakima,93261,46470,46791,33.1,56099,27637,28462
Yarrow Point,1172,581,591,49.1,800,394,406
Yelm,7701,3940,3761,29.2,4703,2262,2441
Zillah,3100,1563,1537,34.1,1885,960,925
